- longitude: 10.13969570304107
  latitude: 56.2149789163549
  report_id: 158895